# name: debug
# type: sparse matrix
# nnz: 72
# rows: 12
# columns: 12

1 1 2259.940444654
2 1 309.080041539
3 1 0.000000000
4 1 0.000000000
5 1 0.000000000
6 1 -88.883005204
1 2 0.000000000
2 2 2259.940444655
3 2 0.000000000
4 2 0.000000000
5 2 0.000000000
6 2 -0.002876297
1 3 0.000000000
2 3 0.000000000
3 3 2259.940444653
4 3 -0.017553066
5 3 0.002876297
6 3 0.000000000
1 4 0.000000000
2 4 0.000000000
3 4 -0.017553066
4 4 2260.146883184
5 4 -0.170648016
6 4 0.000000000
1 5 0.000000000
2 5 0.000000000
3 5 0.002876297
4 5 -0.170648016
5 5 2260.253638196
6 5 0.000000000
1 6 0.017553065
2 6 542.527298914
3 6 0.000000000
4 6 0.000000000
5 6 0.000000000
6 6 -3013.918557168
7 7 2259.940444655
8 7 309.080046343
9 7 0.000000000
10 7 0.000000000
11 7 0.000000000
12 7 882.369157331
7 8 0.000000000
8 8 2259.940444654
9 8 0.000000000
10 8 0.000000000
11 8 0.000000000
12 8 0.028547782
7 9 0.000000000
8 9 0.000000000
9 9 2259.940444653
10 9 -0.014312919
11 9 -0.028547779
12 9 0.000000000
7 10 0.000000000
8 10 0.000000000
9 10 -0.014312919
10 10 2260.350484137
11 10 0.150287094
12 10 0.000000000
7 11 0.000000000
8 11 0.000000000
9 11 -0.028547779
10 11 0.150287094
11 11 2260.122189168
12 11 0.000000000
7 12 0.014312920
8 12 442.412300916
9 12 0.000000000
10 12 0.000000000
11 12 0.000000000
12 12 6905.615694124
