# name: debug
# type: sparse matrix
# nnz: 72
# rows: 12
# columns: 12

1 1 448.178187234
2 1 7.031496354
3 1 3.257832197
4 1 -40.969029601
5 1 -69.584685434
6 1 41.405963418
1 2 9.095340096
2 2 418.546545114
3 2 -1.828559202
4 2 -27.148419028
5 2 15.056766275
6 2 -17.722471963
1 3 4.436587845
2 3 -20.574598632
3 3 441.252238997
4 3 -45.165792848
5 3 -59.923062070
6 3 -56.451295974
1 4 5.827387692
2 4 0.303683266
3 4 5.517082142
4 4 -424.646267353
5 4 -251.197020084
6 4 379.076852657
1 5 -52.810644462
2 5 83.767680721
3 5 -19.501605321
4 5 -596.112358649
5 5 938.627120429
6 5 683.437245578
1 6 30.460591886
2 6 -8.869369639
3 6 -7.231498648
4 6 8.590929880
5 6 212.586806598
6 6 572.335120723
7 7 437.512153648
8 7 0.000000000
9 7 0.000000000
10 7 0.000000000
11 7 0.000000000
12 7 0.000000000
7 8 0.000000000
8 8 437.512153648
9 8 0.000000000
10 8 0.000000000
11 8 0.000000000
12 8 0.000000000
7 9 0.000000000
8 9 0.000000000
9 9 437.512153648
10 9 0.000000000
11 9 0.000000000
12 9 0.000000000
7 10 0.000000000
8 10 0.000000000
9 10 0.000000000
10 10 437.512153648
11 10 0.000000000
12 10 0.000000000
7 11 0.000000000
8 11 0.000000000
9 11 0.000000000
10 11 0.000000000
11 11 437.512153648
12 11 0.000000000
7 12 0.000000000
8 12 0.000000000
9 12 0.000000000
10 12 0.000000000
11 12 0.000000000
12 12 437.512153648
